485.981171 423.676086 
422.781006 424.147583 
359.692474 424.028717 
296.642090 423.978760 
233.525436 423.918488 
170.661636 423.987091 
107.543053 423.855103 
486.075745 360.684723 
422.876373 360.914032 
359.658081 361.117096 
296.555176 360.930298 
233.388016 361.004211 
170.542496 361.003235 
107.413589 360.826538 
485.695831 297.512360 
422.645111 297.795532 
359.499542 297.943359 
296.443146 297.762146 
233.286819 297.815765 
170.434296 298.075500 
107.324615 297.679504 
485.655304 234.445084 
422.793518 234.556183 
359.445374 234.851089 
296.425476 234.666214 
233.394791 234.715881 
170.578079 234.818665 
107.546921 234.531631 
485.845642 171.338943 
422.688995 171.496048 
359.641510 171.491669 
296.340027 171.525833 
233.511978 171.597458 
170.414978 171.598160 
107.453880 171.433929 
485.648590 108.152420 
422.531067 108.339096 
359.482819 108.286903 
296.379242 108.421333 
233.422867 108.548492 
170.373428 108.647636 
107.541901 108.623489 
